5,122
5,121
5,120
5,119
5,118
5,117
5,116
4294967279,306
5,115
5,114
5,113
5,112
5,111
4294967279,305
5,110
5,109
5,108
5,107
5,106
4294967279,304
5,105
5,104
5,103
5,102
5,101
4294967279,303
5,100
5,99
5,98
5,97
5,96
4294967279,302
5,95
5,94
5,93
5,92
5,91
4294967279,301
5,90
5,89
5,88
5,87
5,86
5,85
4294967279,300
5,84
5,83
5,82
5,81
5,80
4294967279,299
5,79
5,78
5,77
5,76
5,75
4294967279,298
5,74
5,73
5,72
5,71
5,70
4294967279,297
5,69
5,68
5,67
5,66
5,65
5,64
4294967279,296
5,36
5,35
5,34
5,33
5,32
4294967279,295
5,31
5,30
5,29
5,28
5,27
5,26
5,25
5,24
5,23
5,22
5,21
5,20
5,19
5,18
5,17
5,16
5,15
5,14
5,13
5,12
5,11
5,10
5,9
5,8
5,7
4294967279,294
5,6
5,5
4294967278,292
5,4
5,3
5,2
5,1
5,0
4294967278,291
4294967279,293
4294967278,290
4,765
4,510
4,764
4,509
4,763
4,762
4,761
4,760
4,759
4,758
4,757
4,756
4,755
4,754
4,753
4,752
4,751
4,750
4,749
4,748
4,747
4,746
4,745
4,744
4,743
4,742
4,741
4,740
4,739
4,738
4,737
4,736
4,735
4,734
4,733
4,732
4,731
4,730
4,729
4,728
4,727
4,726
4,725
4,724
4,723
4,722
4,508
4,507
4,721
4,506
4,720
4,719
4,718
4,717
4,716
4,715
4,714
4,713
4,505
4,712
4,711
4,710
4,709
4,708
4,707
4,706
4,705
4,704
4,703
4,702
4,701
4,504
4,503
4,700
4,699
4,698
4,697
4,696
4,695
4,694
4,693
4,692
4,502
4,691
4,690
4,689
4,688
4,687
4,686
4,685
4,684
4,501
4,683
4,682
4,681
4,680
4,679
4,678
4,677
4,676
4,675
4,674
4,673
4,672
4,671
4,670
4,669
4,668
4,667
4,666
4,665
4,664
4,663
4,662
4,661
4,660
4,659
4,658
4,657
4,656
4,655
4,654
4,653
4,652
4,500
4,651
4,650
4,649
4,648
4,647
4,499
4,646
4,498
4,497
4,645
4,644
4,643
4,642
4,641
4,640
4,639
4,638
4,637
4,636
4,635
4,634
4,633
4,632
4,631
4,496
4,630
4,629
4,628
4,627
4,626
4,495
4,625
4,624
4,623
4,622
4,621
4,620
4,619
4,618
4,617
4,616
4,615
4,614
4,494
4,613
4,612
4,611
4,610
4,609
4,608
4,607
4,606
4,605
4,604
4,603
4,493
4,602
4,601
4,600
4,599
4,598
4,597
4,596
4,492
4,595
4,594
4,593
4,592
4,591
4,590
4,589
4,588
4,587
4,586
4,585
4,491
4,584
4,583
4,582
4,581
4,580
4,579
4,578
4,577
4,576
4,575
4,574
4,573
4,572
4,490
4,489
4,571
4,570
4,569
4,568
4,567
4,566
4,565
4,564
4,563
4,488
4,562
4,561
4,560
4,559
4,558
4,557
4,556
4,555
4,554
4,553
4,552
4,551
4,550
4,549
4,548
4,547
4,546
4,545
4,544
4,543
4,542
4,541
4,540
4,539
4,538
4,537
4,536
4,535
4,487
4,534
4,533
4,532
4,531
4,530
4,529
4,528
4,486
4,527
4,485
4,526
4,525
4,484
4,483
4,524
4,482
4,523
4,522
4,481
4,521
4,520
4,519
4,518
4,517
4,516
4,515
4,514
4,513
4,480
4,479
4,512
4,478
4,477
4,476
4,475
4,474
4,473
4,472
4,471
4,470
4,469
4,468
4,467
4,466
4,465
4,464
4,463
4,462
4,461
4,460
4,459
4,458
4,457
4,255
4,456
4,455
4,454
4,453
4,452
4,451
4,450
4,254
4,449
4,448
4,447
4,446
4,445
4,444
4,443
4,442
4,441
4,440
4,439
4,438
4,253
4,437
4,436
4,435
4,252
4,434
4,433
4,432
4,251
4,431
4,430
4,429
4,428
4,427
4,426
4,425
4,424
4,423
4,422
4,421
4,420
4,419
4,418
4,417
4,416
4,415
4,414
4,413
4,412
4,411
4,410
4,409
4,408
4,407
4,406
4,405
4,404
4,403
4,402
4,401
4,400
4,399
4,398
4,397
4,396
4,395
4,394
4,393
4,392
4,391
4,390
4,389
4,388
4,387
4,386
4,385
4,384
4,383
4,382
4,381
4,380
4,379
4,378
4,377
4,376
4,375
4,374
4,373
4,372
4,250
4,371
4,370
4,369
4,368
4,367
4,366
4,365
4,364
4,363
4,362
4,361
4,249
4,360
4,359
4,358
4,357
4,356
4,355
4,354
4,353
4,352
4,351
4,350
4,349
4,348
4,347
4,346
4,345
4,344
4,343
4,342
4,341
4,340
4,339
4,338
4,337
4,336
4,335
4,334
4,333
4,332
4,331
4,330
4,329
4,248
4,328
4,327
4,326
4,325
4,247
4,324
4,323
4,322
4,321
4,320
4,319
4,318
4,246
4,317
4,316
4,315
4,314
4,313
4,312
4,311
4,310
4,309
4,308
4,307
4,306
4,305
4,304
4,245
4,303
4,302
4,244
4,301
4,300
4,299
4,298
4,297
4,296
4,295
4,243
4,242
4,294
4,293
4,292
4,291
4,241
4,290
4,289
4,288
4,287
4,286
4,285
4,284
4,283
4,282
4,281
4,280
4,279
4,278
4,277
4,276
4,275
4,274
4,240
4,273
4,272
4,271
4,270
4,269
4,268
4,267
4,266
4,239
4,238
4,265
4,264
4,263
4,237
4,262
4,261
4,260
4,259
4,258
4,257
4,236
4,235
4,256
4,234
4,233
4,232
4,231
4,230
4,229
4,228
4,191
4,227
4,226
4,225
4,224
4,223
4,222
4,221
